điểm: 1400 bước · chữ ký 'seqscore:gui-sel-adapter'

n = 1400 · có ứng viên vàng 1008 (72.0%)
NULL greedy: đúng 888/1400 = 63.43% · none-sai 275 · %none 41.6 · sel_acc(HasAns) 57.54%

━━ nhánh X: (x16d) chính — chuẩn hoá/token ━━
τ* = +1.2285: đúng 528/1400 = 37.71% · none-sai 410 · chọn-sai 462 · %none 49.5 · sel_acc(HasAns) 24.31%
LIFT = -360 bước (-25.71 pp) · KTC95 [-397 · -322] · ngưỡng 18 ⇒ không đạt
          τ  đúng   acc% none-sai chọn-sai  %none
       -inf   393  28.07        0     1007    0.5
     +0.799   426  30.43       19      955    4.4
     +0.870   444  31.71       46      910    8.4
     +0.929   463  33.07       73      864   12.3
     +0.972   477  34.07      105      818   16.2
     +1.009   490  35.00      138      772   20.1
     +1.049   491  35.07      179      730   24.1
     +1.073   492  35.14      218      690   28.0
     +1.109   490  35.00      255      655   31.9
     +1.136   502  35.86      286      612   35.9
     +1.164   515  36.79      318      567   39.8
     +1.190   522  37.29      354      524   43.7
     +1.215   519  37.07      396      485   47.6
     +1.246   526  37.57      431      443   51.6
     +1.269   521  37.21      472      407   55.5
     +1.294   515  36.79      515      370   59.4
     +1.326   512  36.57      554      334   63.4
     +1.353   505  36.07      599      296   67.3
     +1.376   503  35.93      644      253   71.2
     +1.407   497  35.50      688      215   75.1
     +1.439   472  33.71      740      188   79.1
     +1.473   462  33.00      784      154   83.0
     +1.518   451  32.21      835      114   86.9
     +1.569   432  30.86      887       81   90.9
     +1.661   416  29.71      937       47   94.8
     +1.855   396  28.29      990       14   98.7

━━ nhánh A: lai, chuẩn hoá ━━
τ* = +1.5289: đúng 889/1400 = 63.50% · none-sai 272 · chọn-sai 239 · %none 41.4 · sel_acc(HasAns) 57.64%
LIFT = +1 bước (+0.07 pp) · KTC95 [+0 · +4] · ngưỡng 24 ⇒ không đạt
          τ  đúng   acc% none-sai chọn-sai  %none
       -inf   650  46.43        0      750    0.5
     +0.799   684  48.86       16      700    4.2
     +0.870   703  50.21       32      665    7.1
     +0.929   725  51.79       51      624   10.4
     +0.972   741  52.93       70      589   13.3
     +1.009   759  54.21       95      546   16.6
     +1.049   767  54.79      118      515   19.3
     +1.073   776  55.43      135      489   21.5
     +1.109   787  56.21      150      463   23.8
     +1.136   803  57.36      164      433   26.2
     +1.164   820  58.57      179      401   28.6
     +1.190   828  59.14      193      379   30.5
     +1.215   835  59.64      207      358   32.1
     +1.246   847  60.50      216      337   33.6
     +1.269   853  60.93      230      317   35.4
     +1.294   861  61.50      238      301   36.6
     +1.326   872  62.29      244      284   37.9
     +1.353   878  62.71      250      272   38.7
     +1.376   882  63.00      255      263   39.4
     +1.407   883  63.07      259      258   39.9
     +1.439   885  63.21      263      252   40.4
     +1.473   888  63.43      266      246   40.9
     +1.518   888  63.43      271      241   41.3
     +1.569   889  63.50      273      238   41.5
     +1.661   888  63.43      274      238   41.6
     +1.855   888  63.43      275      237   41.6

━━ nhánh B: tổng logprob ━━
τ* = -2.3283: đúng 836/1400 = 59.71% · none-sai 138 · chọn-sai 426 · %none 25.2 · sel_acc(HasAns) 61.61%
LIFT = -52 bước (-3.71 pp) · KTC95 [-83 · -21] · ngưỡng 24 ⇒ không đạt
  tham chiếu τ₀ = -0.633 (tiên nghiệm): đúng 745 (53.21%) · none-sai 443 · %none 54.1
          τ  đúng   acc% none-sai chọn-sai  %none
       -inf   687  49.07        0      713    0.5
     -5.589   733  52.36        7      660    4.4
     -4.357   772  55.14       18      610    8.4
     -3.675   788  56.29       45      567   12.3
     -3.141   798  57.00       75      527   16.2
     -2.762   818  58.43      100      482   20.1
     -2.403   830  59.29      131      439   24.1
     -2.167   829  59.21      166      405   28.0
     -1.845   821  58.64      202      377   31.9
     -1.625   815  58.21      241      344   35.9
     -1.420   809  57.79      282      309   39.8
     -1.223   790  56.43      325      285   43.7
     -0.982   780  55.71      368      252   47.6
     -0.765   752  53.71      418      230   51.6
     -0.547   747  53.36      454      199   55.5
     -0.337   724  51.71      499      177   59.4
     -0.126   700  50.00      545      155   63.4
     +0.086   684  48.86      588      128   67.3
     +0.297   655  46.79      637      108   71.2
     +0.507   629  44.93      684       87   75.1
     +0.789   593  42.36      735       72   79.1
     +1.043   565  40.36      783       52   83.0
     +1.359   524  37.43      837       39   86.9
     +1.718   489  34.93      888       23   90.9
     +2.335   453  32.36      938        9   94.8
     +3.505   407  29.07      991        2   98.7

━━ nhánh C: lai, tổng logprob ━━
τ* = -1.4563: đúng 896/1400 = 64.00% · none-sai 177 · chọn-sai 327 · %none 31.5 · sel_acc(HasAns) 62.70%
LIFT = +8 bước (+0.57 pp) · KTC95 [-11 · +27] · ngưỡng 24 ⇒ không đạt
  tham chiếu τ₀ = -0.633 (tiên nghiệm): đúng 889 (63.50%) · none-sai 236 · %none 37.4
          τ  đúng   acc% none-sai chọn-sai  %none
       -inf   707  50.50        0      693    0.5
     -5.589   753  53.79        7      640    4.4
     -4.357   793  56.64       17      590    8.3
     -3.675   814  58.14       38      548   11.8
     -3.141   825  58.93       62      513   15.1
     -2.762   846  60.43       83      471   18.6
     -2.403   865  61.79      102      433   21.6
     -2.167   875  62.50      122      403   24.4
     -1.845   880  62.86      141      379   26.9
     -1.625   887  63.36      160      353   29.4
     -1.420   895  63.93      180      325   31.7
     -1.223   889  63.50      201      310   33.6
     -0.982   890  63.57      215      295   35.1
     -0.765   883  63.07      232      285   36.6
     -0.547   892  63.71      238      270   37.9
     -0.337   891  63.64      249      260   38.9
     -0.126   891  63.64      254      255   39.5
     +0.086   894  63.86      260      246   40.3
     +0.297   891  63.64      265      244   40.7
     +0.507   893  63.79      266      241   41.0
     +0.789   892  63.71      268      240   41.1
     +1.043   891  63.64      271      238   41.4
     +1.359   891  63.64      271      238   41.4
     +1.718   890  63.57      272      238   41.4
     +2.335   888  63.43      275      237   41.6
     +3.505   888  63.43      275      237   41.6

⭐ KHÔNG nhánh nào đạt ngưỡng ⇒ KHOÁ LUẬT NULL; theo (x17b): KHÔNG chạy lượt ②
   τ khoá TRƯỚC khi nhìn exec đối chứng / 3.062 (x16d). Nhãn: thăm dò.
→ /mnt/d/Master/Thesis/harness/../runs/sel/tau_scan.json
